5.092093
4.236617
4.906861
4.861165
4.422459
4.955606
4.828259
4.540664
5.010449
4.633281
4.552847
5.073209
4.484607
4.823388
5.125607
4.500448
4.671058
3.065512
4.122065
5.009227
4.921489
4.446223
4.844714
4.853855
6.751264
4.969015
4.683244
4.476077
6.625743
4.376759
5.084175
6.675095
4.179339
5.220659
4.979981
5.210912
4.374931
4.236615
4.57174
5.307183
4.239052
3.844216
4.5102
4.504715
4.827042
4.929405
4.430375
4.638154
4.194574
4.698476
5.431486
4.409051
4.381634
3.926475
4.692385
4.458408
4.88493
4.541275
4.521169
5.076865
4.490092
4.819123
5.104283
4.503496
4.912957
4.792311
4.454751
4.864213
2.776086
5.38213
5.509477
4.433425
4.507151
4.905644
4.518728
4.685075
4.897115
4.576615
4.936722
4.762456
4.682634
4.561992
4.864822
4.797187
4.925142
4.373712
4.878835
4.892851
4.61622
4.817904
4.790483
4.56869
4.886149
4.71432
4.660699
4.914175
4.511416
4.831308
4.899553
4.544321
4.958043
5.188969
4.857502
4.978757
4.902592
4.798403
4.990334
4.943416
4.847145
4.731984
5.265744
4.817289
5.032378
5.240153
4.507758
4.892234
5.015927
4.746608
5.098183
4.954994
4.700299
5.352879
4.948902
4.825211
5.126823
4.948902
4.856897
5.157288
4.99399
4.778295
5.149977
4.881269
4.707612
5.059799
4.680194
5.06772
5.050046
4.850192
4.967181
4.949507
4.757575
5.0013
4.894063
4.998254
4.942196
5.028112
4.930009
4.99399
4.839222
5.068327
4.885532
4.962304
4.911734
4.993989
5.044563
4.833131
4.91417
4.945851
4.813023
4.927577
4.79048
4.863598
4.677145
4.834347
4.792307
4.957433
4.920263
4.841051
4.969617
4.803275
4.778291
4.998254
4.904418
4.953774
5.067718
4.877003
5.046999
4.997644
4.766106
5.088431
4.998864
4.87639
5.074417
4.861768
5.045173
4.969616
4.895888
4.904421
4.987899
4.826427
5.024453
5.095136
4.795354
5.06589
4.975709
4.778903
5.008614
4.915998
4.687506
4.917825
4.179334
4.613774
5.638643
3.878331
5.079291
5.403445
3.852132
5.339466
5.434519
3.952057
5.240757
5.186527
3.810089
5.740396
4.906854
3.9155
5.78244
4.707611
3.927687
5.856776
4.597323
4.218328
5.907348
4.364567
4.147038
5.911617
4.39503
4.360299
5.887851
3.951449
4.585136
5.71968
3.981916
5.102444
5.858604
3.80826
5.075023
5.619144
3.682742
5.287069
5.673371
3.73575
5.425993
5.365666
3.693709
5.639249
5.009829
3.793026
5.776958
4.667396
3.919155
5.82631
4.521158
4.301805
5.918927
4.082451
4.434027
5.827528
4.017865
4.769149
5.669714
3.806431
5.140831
5.438176
3.895392
5.262087
5.218823
3.834461
5.419897
5.103054
3.904533
5.355918
4.957428
3.965463
5.653266
4.832518
4.048939
5.585632
4.658865
4.234779
5.580145
4.411481
4.280478
5.720291
4.509582
4.504097
5.742833
4.198831
4.404168
5.603299
4.123884
4.697857
5.567958
3.8698
5.082945
5.225524
3.965463
5.265131
5.314485
3.995321
4.004863
3.458511
5.238927
4.294897
3.380518
5.254768
3.858628
3.660803
5.407912
3.941901
3.656336
5.28808
3.655929
3.910215
5.298642
3.640086
3.720922
5.337636
4.102761
3.368739
5.077663
4.251838
3.181882
5.152808
4.093416
3.31187
4.987075
4.6024
3.218848
4.857091
4.488253
3.293186
4.684451
4.571525
3.104297
4.529687
4.980173
3.196912
4.099914
5.17556
3.457698
3.772106
5.275081
4.033297
3.525536
5.431066
3.910622
3.597029
5.455438
3.768449
3.459323
5.498496
4.03289
3.293589
5.343729
4.549184
3.257438
5.272236
4.513436
3.153449
4.965551
4.77585
3.243627
4.584931
5.006982
3.291153
4.475255
5.128847
3.406111
3.878939
5.166217
3.48979
3.638868
5.173936
3.777793
3.734329
5.240959
3.854971
3.252158
5.097974
4.149067
3.254188
5.116659
4.236403
3.19813
4.912336
4.736444
3.204631
4.693795
4.980578
3.351678
4.789661
4.850593
3.409767
4.672266
4.708824
3.411799
4.647892
4.81972
3.526756
14.28634
10.65787
9.830114
9.108687
5.484788
5.277011
5.224
5.075328
5.04608
5.021708
4.9949
4.864201
4.823072
4.818806
4.815761
4.80327
4.785295
4.779506
4.753305
4.742947
4.729845
4.720707
4.713394
4.704255
4.672876
4.672875
4.656728
4.650636
4.648197
4.628701
4.627786
4.626872
4.622303
4.594579
4.591227
4.583916
4.564417
4.561675
4.561371
4.561064
4.559542
4.54888
4.532734
4.531515
4.51933
4.516889
4.50562
4.484901
4.483379
4.481856
4.461748
4.461747
4.444078
4.439203
4.42976
4.42184
4.4194
4.410871
4.395029
4.389545
4.389544
4.383756
4.379185
4.372789
4.35329
4.334401
4.32374
4.292359
4.28596
4.285658
4.264938
4.242089
4.241481
4.214672
4.214062
4.20279
4.199438
4.189689
4.187251
4.177196
4.172628
4.162576
4.161354
4.152218
4.118397
4.107433
4.097378
4.0922
4.071787
4.007809
3.982218
3.94444
3.70559
3.703762
3.258047
3.111507
1.374352
0.5560434
0.399145
-3.590424
4.275237
2.398062
5.002027
3.854324
2.488241
4.918432
4.30351
2.496284
4.699076
4.279869
2.545517
4.89747
4.436096
2.450951
4.798762
4.206264
2.58695
4.305462
4.778531
2.618148
4.038094
4.811923
2.609861
3.896001
4.675192
2.678103
4.036631
4.943533
2.84603
3.935728
5.042244
3.164336
3.537237
4.987162
2.937915
3.56161
4.852624
3.262559
3.024926
4.808024
3.73758
2.609373
4.737831
4.106826
2.599868
4.27134
4.640587
2.794605
4.130224
4.774147
2.682492
3.80558
4.854575
2.799236
3.892346
4.656183
2.765602
3.793638
4.858963
2.867479
3.405625
4.789257
3.129727
3.396364
4.761472
3.257196
3.567459
4.803636
3.171648
3.643989
4.799493
3.23648
3.757809
4.795349
3.028581
3.543818
4.831175
3.344937
3.281326
4.738076
3.68323
3.21357
4.856525
3.695416
3.217225
4.808511
3.491173
3.236968
4.927208
3.558198
3.074159
4.904297
3.984719
2.918662
4.672268
4.292787
2.173104
5.067836
3.690298
2.63277
4.291851
3.508475
2.374136
4.158817
3.388237
2.628829
4.266462
3.535894
2.610346
4.391778
3.528786
2.768565
4.817283
3.656538
2.788672
5.073803
2.305891
4.084684
1.918368
4.179532
6.755307
4.347907
3.896608
12.53059
2.153564
0.2240686
2.499045
12.53201
1.331192
1.616758
5.755829
2.735051
3.137403
4.511812
0.3776159
-1.998924
3.089065
2.53276
1.169522
2.712102
2.252679
2.815076
3.307401
2.037998
2.844323
4.266869
2.334531
2.660717
4.102353
2.563632
3.025696
3.905545
2.357075
3.079112
3.78348
2.514481
2.941203
3.478823
2.588817
3.585453
3.765606
2.317063
3.404485
3.874673
2.42349
3.463792
3.756264
2.606284
3.826944
3.64415
2.520574
5.574458
5.360792
5.015918
4.408229
2.806951
1.911667
2.418615
2.548602
2.566069
3.740217
2.966592
1.928726
3.523708
3.09211
2.697884
4.411072
3.274701
2.537025
3.924433
3.056972
2.567896
4.164907
2.805731
2.476093
3.947789
3.318368
2.717178
3.789571
3.677255
